Vertex Count: 12

Data:
 0.0  1.0  0.0  0.5  0.0  0.0  0.0 -1.0
 1.0 -1.0 -1.0  1.0  1.0  0.0  0.0 -1.0
-1.0 -1.0 -1.0  0.0  1.0  0.0  0.0 -1.0

 0.0  1.0  0.0  0.5  0.0  1.0  0.0  0.0
 1.0 -1.0  1.0  1.0  1.0  1.0  0.0  0.0
 1.0 -1.0 -1.0  0.0  1.0  1.0  0.0  0.0

 0.0  1.0  0.0  0.5  0.0  0.0  0.0  1.0
-1.0 -1.0  1.0  1.0  1.0  0.0  0.0  1.0
 1.0 -1.0  1.0  0.0  1.0  0.0  0.0  1.0

 0.0  1.0  0.0  0.5  0.0 -1.0  0.0  0.0
-1.0 -1.0 -1.0  1.0  1.0 -1.0  0.0  0.0
-1.0 -1.0  1.0  0.0  1.0 -1.0  0.0  0.0